Recurrence Quqntification Analysis of X0608281016_y:

RR = 1.241708e-03
DET = 1.964122e-04
Ratio = 1.581791e-01
L = 3
Lmax = 3
DIV = 3.333333e-01
ENTR = 0

Recurrence Quqntification Analysis of X0608281137_y:

RR = 2.782322e-02
DET = 8.542598e-01
Ratio = 3.070312e+01
L = 1.094378e+01
Lmax = 227
DIV = 4.405286e-03
ENTR = 2.692834e+00

